62797
55570
46236
55959
48610
56307
35282
57174
47775
45721
34370
51141
38740
29904
56790
58156
39306
46275
30209
50185
58995
45444
47894
47294
58519
54732
68177
22802
52144
27842
49013
44673
46634
42065
55050
43943
51140
42749
48537
47401
57541
52840
45262
58798
44223
14434
52526
51130
43891
49755
48861
41354
52789
37127
52223
53448
43250
12008
44847
54251
59757
54861
59873
39270
50953
49814
41352
46856
63315
34606
29763
40185
39435
39680
36600
43449
59627
51207
30052
57333
48467
39314
54467
32433
55638
46661
47450
49193
48821
60691
21991
48030
49556
53672
52148
52651
52235
50163
57053
49847
35848
30812
50363
57028
64717
51309
33930
50629
45377
56492
59525
46746
27709
51850
58072
57804
46090
15461
50363
46275
66575
56414
39487
59552
51243
27964
42895
43335
49611
42605
49146
55911
48606
44995
54647
50306
33681
43238
51553
46004
42362
48608
57023
14789
44504
43196
41276
30760
41056
40841
64543
46625
35573
25206
51922
57638
55651
35128
40895
31468
28816
44556
47396
46892
31677
45265
52805
46792
41831
44842
53700
44634
55537
58429
64252
40252
58213
40154
51082
48119
58756
41308
42514
49544
42821
56084
42032
57570
51557
57034
54977
54590
41861
48143
43788
13632
47173
47571
47447
48956
56268
58563
55547
44702
37074
30324
57629
36416
54779
50764
56891
49213
43190
34361
39674
53683
47124
32042
46578
28470
48100
51023
48343
40605
49107
44212
66355
56149
31545
28798
41703
59323
56831
43158
45682
35614
49776
68442
46492
